CM20FEG 200 38.5 1 38.5
CM20FEG 200 46.1 1 46.1
CM20FEG 200 57.5 1 57.5
JEOL-30cm-photo 200 30 1 89.347
JEOL-30cm-insitu 200 30 1 44.6735
JEOL-40cm-insitu 200 40 1 59.565
JEOL2010 200 80 2 121.694982
JEOL2010 200 100 2 152.5688002
JEOL2010 200 80 1 243.338996 
JEOL2010 200 100 1 305.1376004
CM20FEG 200 88 1 585.91282
CM20FEG 200 100 1 580.41926752746587297711
JEOL2010 180 80 2 135.2166467
JEOL2010-insitu 200 80 2 104.89995825773291925466
JEOL2010-insitu2 200 80 2 107.16306333333333333333
JEOL2010-insitu2 200 100 2 134.3782913442232486797
JEOL2010-insitu2 180 100 2 149.30921111111111111111
JEOL2010-insitu 180 80 2 121.459139011
JEOL2010-photo 180 80 1 259.28542513735765321389
JEOL2010-photo-new 200 80 1 237.15527142857142857143
JEOL2010-photo-new 200 100 1 303.05546833333333333333
JEOL2010-photo-new 180 100 1 316.68719970744128577728
JEOL2010-insitu-new 180 100 2 158.34359985372064288864
JEOL2010-in-situ-new 180 80 2 132.13057142857142857143
JEOL2010-in-situ-new 200 80 2 118.91751428571428571429
JEOL2010-insitu-new 200 100 2 151.52773416666666666666
